198
181
172
125
196
155
188
193
143
185
168
137
139
162
159
115
181
198
152
127
107
148
178
130
150
184
119
118
127
181
136
123
125
103
162
138
158
135
193
133
184
161
195
179
124
152
108
129
192
187
197
199
160
132
175
194
129
145
116
114
163
189
178
187
105
129
189
196
115
139
158
115
118
193
123
114
147
170
181
154
158
128
172
188
140
196
159
122
143
128
143
101
122
183
176
144
166
112
127
143
128
156
196
167
194
190
152
192
168
107
106
195
116
151
179
156
189
113
164
159
163
151
101
101
138
141
112
188
180
125
104
183
116
196
142
120
199
160
102
177
153
176
175
196
157
167
152
153
103
116
190
112
119
161
180
140
131
151
161
169
176
143
194
151
151
112
102
162
197
129
173
116
183
147
102
173
124
112
102
118
171
128
142
161
179
151
143
119
155
125
143
119
123
138
141
130
183
188
174
148
130
178
